5968	5136
9912	7083
39	2131
7517	3581
4657	4814
9611	4128
5481	317
7741	645
7745	3332
3097	6647
4564	3356
3955	1334
6792	3640
2399	7004
8143	4131
6212	1501
5196	6344
6700	2880
8290	2876
3815	9892
9416	9292
6559	2753
6457	8431
4374	4173
4488	3832
6459	3863
4993	3115
4636	5971
6795	4985
1013	9250
569	5002
7927	1534
1072	9189
2516	351
4802	4655
9639	7437
5369	4446
6944	866
4879	3880
3389	6251
3530	3741
6708	2795
949	3229
6204	3932
9721	6856
8812	4467
8892	6065
6587	4686
3424	6894
8215	173
2539	5566
3345	9291
2982	3495
4197	5079
7679	3547
2343	3571
3530	3318
4329	2344
5620	8039
1097	5332
343	1192
6695	7121
4298	6972
5477	7379
208	645
8999	5070
4689	2639
3913	8978
533	3916
4320	2356
3500	2716
3384	7274
2379	9096
9757	7090
7922	6731
5382	464
6009	4143
539	6754
1975	4880
6743	4209
3461	2558
6312	1542
7383	356
3843	8295
2602	7984
7509	1005
1564	2431
1221	2275
4596	2710
3493	3757
962	3823
4150	5826
9841	9294
5995	2472
8985	5983
4118	2363
753	2127
1631	2937
6658	5779
4388	3421
