683	698
238	3584
1006	4713
1720	8004
384	6850
921	6097
1621	3613
112	7869
16	1158
67	5754
1282	3088
580	4859
2382	7168
179	484
368	3031
111	1079
116	997
249	318
4479	7850
2137	3107
1288	3524
2664	4754
285	1657
21	568
9	795
523	4120
241	3955
803	1156
24	204
1060	6015
180	3747
510	786
298	689
7484	8191
758	2121
760	1261
5022	6608
17	146
2664	6782
18	524
1	6000
6	986
1	204
856	7162
9	1554
5511	6374
566	5831
1488	2232
2153	4165
694	2605
4	717
1334	2124
2917	3021
395	8976
1331	1663
165	1411
654	4864
964	6880
500	1721
444	8229
150	1191
254	5666
2986	3564
67	131
648	2724
447	6323
570	4658
274	392
750	8947
51	6645
37	122
823	4071
6	6017
2076	2627
11	1736
115	374
275	893
444	4455
392	872
5002	6580
5136	6028
4584	8326
129	5807
3761	5346
865	3363
3273	3366
549	3243
1044	2327
129	3432
387	3126
2271	4251
3559	6280
1958	7443
115	6815
1099	3225
1385	5868
2185	2530
1635	6284
207	2121
2	2191
